C:\Users\User\Desktop\1\IMG_6637.JPG
4032 3024

4 0 1511.5 
0 4 2015.5 
0 0 1 

0.996507 0.0202811 -0.0810114 
-0.020387 0.999792 -0.000479151 
0.0809848 0.00212906 0.996713 

773.719

C:\Users\User\Desktop\1\IMG_6639.JPG
4032 3024

4 0 1511.5 
0 4 2015.5 
0 0 1 

0.823346 -0.0113356 -0.567427 
0.004649 0.999902 -0.0132295 
0.567521 0.0082545 0.823318 

775.036

C:\Users\User\Desktop\1\IMG_6641.JPG
4032 3024

4 0 1511.5 
0 4 2015.5 
0 0 1 

0.34435 -0.0780963 -0.935588 
0.0298112 0.996942 -0.0722454 
0.938368 -0.00301327 0.345625 

773.957

C:\Users\User\Desktop\1\IMG_6643.JPG
4032 3024

4 0 1511.5 
0 4 2015.5 
0 0 1 

-0.20997 -0.104361 -0.972122 
-0.00426844 0.994376 -0.105828 
0.977698 -0.0180714 -0.209234 

773.339

C:\Users\User\Desktop\1\IMG_6644.JPG
4032 3024

4 0 1511.5 
0 4 2015.5 
0 0 1 

-0.480526 -0.0959706 -0.871713 
-0.0132349 0.994675 -0.102212 
0.87688 -0.0375785 -0.479237 

774.671

C:\Users\User\Desktop\1\IMG_6645.JPG
4032 3024

4 0 1511.5 
0 4 2015.5 
0 0 1 

-0.665661 -0.101992 -0.739252 
-0.032708 0.993652 -0.107639 
0.745537 -0.0474718 -0.664771 

780.085

