C:\Users\User\Desktop\1\IMG_6637.JPG
4032 3024

4 0 1511.5 
0 4 2015.5 
0 0 1 

0.996507 0.0202811 -0.0810114 
-0.020387 0.999792 -0.000479151 
0.0809848 0.00212906 0.996713 

773.719

C:\Users\User\Desktop\1\IMG_6638.JPG
4032 3024

4 0 1511.5 
0 4 2015.5 
0 0 1 

0.952985 0.00863745 -0.302896 
-0.00823166 0.999963 0.00261634 
0.302907 9.48581e-013 0.95302 

775.66

C:\Users\User\Desktop\1\IMG_6640.JPG
4032 3024

4 0 1511.5 
0 4 2015.5 
0 0 1 

0.594154 -0.0538269 -0.802548 
0.0236157 0.998496 -0.0494855 
0.804004 0.0104493 0.594532 

775.145

C:\Users\User\Desktop\1\IMG_6642.JPG
4032 3024

4 0 1511.5 
0 4 2015.5 
0 0 1 

0.0877628 -0.098597 -0.99125 
0.020672 0.995056 -0.0971453 
0.995927 -0.0119654 0.089367 

770.277

C:\Users\User\Desktop\1\IMG_6643.JPG
4032 3024

4 0 1511.5 
0 4 2015.5 
0 0 1 

-0.20997 -0.104361 -0.972122 
-0.00426844 0.994376 -0.105828 
0.977698 -0.0180714 -0.209234 

773.339

C:\Users\User\Desktop\1\IMG_6645.JPG
4032 3024

4 0 1511.5 
0 4 2015.5 
0 0 1 

-0.665661 -0.101992 -0.739252 
-0.032708 0.993652 -0.107639 
0.745537 -0.0474718 -0.664771 

780.085

