C:\Users\User\Desktop\DaAn_1\IMG_0487.jpg
4032 3024

4 0 1511.5 
0 4 2015.5 
0 0 1 

-0.818819 -0.0275348 -0.573391 
0.0281585 -0.999573 0.00778942 
-0.573361 -0.00976775 0.819245 

845.597

C:\Users\User\Desktop\DaAn_1\IMG_0489.jpg
4032 3024

4 0 1511.5 
0 4 2015.5 
0 0 1 

-0.462717 0.00254633 -0.886503 
-0.0111792 -0.999933 0.00296295 
-0.886436 0.0112815 0.462714 

849.297

C:\Users\User\Desktop\DaAn_1\IMG_0491.jpg
4032 3024

4 0 1511.5 
0 4 2015.5 
0 0 1 

0.00908661 0.0514717 -0.998633 
-0.0234606 -0.998388 -0.0516726 
-0.999683 0.0238981 -0.00786425 

854.643

C:\Users\User\Desktop\DaAn_1\IMG_0493.jpg
4032 3024

4 0 1511.5 
0 4 2015.5 
0 0 1 

0.499616 0.0651864 -0.863791 
-0.017917 -0.996174 -0.0855398 
-0.866062 0.0582136 -0.496536 

860.373

C:\Users\User\Desktop\DaAn_1\IMG_0495.jpg
4032 3024

4 0 1511.5 
0 4 2015.5 
0 0 1 

0.849222 0.0809058 -0.521801 
0.0328525 -0.994373 -0.100712 
-0.527013 0.0683842 -0.847101 

863.196

