C:\Users\User\Desktop\4\IMG_6600.JPG
4032 3024

4 0 1511.5 
0 4 2015.5 
0 0 1 

-0.485327 0.0434778 -0.873251 
0.00704028 -0.998536 -0.0536283 
-0.874304 -0.0321752 0.48431 

946.778

C:\Users\User\Desktop\4\IMG_6601.JPG
4032 3024

4 0 1511.5 
0 4 2015.5 
0 0 1 

-0.106094 0.0955286 -0.989757 
-0.0101816 -0.995427 -0.0949844 
-0.994304 4.80423e-009 0.106582 

957.615

C:\Users\User\Desktop\4\IMG_6602.JPG
4032 3024

4 0 1511.5 
0 4 2015.5 
0 0 1 

0.270653 0.0995958 -0.957511 
-0.0073243 -0.994392 -0.105502 
-0.962649 0.0355676 -0.268406 

937.856

C:\Users\User\Desktop\4\IMG_6603.JPG
4032 3024

4 0 1511.5 
0 4 2015.5 
0 0 1 

0.630826 0.105545 -0.768712 
0.010477 -0.991774 -0.127574 
-0.775853 0.0724233 -0.626743 

944.828

