C:\Users\User\Desktop\2\IMG_6631.JPG
4032 3024

4 0 1511.5 
0 4 2015.5 
0 0 1 

0.916878 -0.00457186 -0.39914 
0.00419187 0.999989 -0.00182485 
0.399144 -3.25346e-009 0.916888 

784.059

C:\Users\User\Desktop\2\IMG_6632.JPG
4032 3024

4 0 1511.5 
0 4 2015.5 
0 0 1 

0.760333 -0.0315291 -0.648768 
0.0158208 0.999424 -0.0300289 
0.649341 0.0125679 0.760394 

784.921

C:\Users\User\Desktop\2\IMG_6633.JPG
4032 3024

4 0 1511.5 
0 4 2015.5 
0 0 1 

0.49755 -0.0551124 -0.865683 
0.0144686 0.998368 -0.0552438 
0.867314 0.0149614 0.497536 

783.438

C:\Users\User\Desktop\2\IMG_6634.JPG
4032 3024

4 0 1511.5 
0 4 2015.5 
0 0 1 

0.209152 -0.0722914 -0.975207 
0.0102283 0.997371 -0.0717406 
0.97783 0.00502999 0.209342 

785.997

C:\Users\User\Desktop\2\IMG_6635.JPG
4032 3024

4 0 1511.5 
0 4 2015.5 
0 0 1 

-0.117797 -0.0847281 -0.989417 
-0.00398119 0.996386 -0.0848509 
0.99303 -0.00605612 -0.117708 

789.093

C:\Users\User\Desktop\2\IMG_6636.JPG
4032 3024

4 0 1511.5 
0 4 2015.5 
0 0 1 

-0.33157 -0.0941428 -0.938722 
-0.0195137 0.99548 -0.0929425 
0.943229 -0.012499 -0.331908 

790.567

C:\Users\User\Desktop\2\IMG_6630.JPG
4032 3024

4 0 1511.5 
0 4 2015.5 
0 0 1 

0.99516 0.0220101 -0.0957739 
-0.0212657 0.999735 0.00878617 
0.0959417 -0.00670701 0.995364 

786.004

